Tempo Corrente
0 1
0.017453293 1.017452406
0.034906585 1.034899497
0.052359878 1.052335956
0.06981317 1.069756474
0.087266463 1.087155743
0.104719755 1.104528463
0.122173048 1.121869343
0.13962634 1.139173101
0.157079633 1.156434465
0.174532925 1.173648178
0.191986218 1.190808995
0.20943951 1.207911691
0.226892803 1.224951054
0.244346095 1.241921896
0.261799388 1.258819045
0.27925268 1.275637356
0.296705973 1.292371705
0.314159265 1.309016994
0.331612558 1.325568154
0.34906585 1.342020143
0.366519143 1.35836795
0.383972435 1.374606593
0.401425728 1.390731128
0.41887902 1.406736643
0.436332313 1.422618262
0.453785606 1.438371147
0.471238898 1.4539905
0.488692191 1.469471563
0.506145483 1.48480962
0.523598776 1.5
0.541052068 1.515038075
0.558505361 1.529919264
0.575958653 1.544639035
0.593411946 1.559192903
0.610865238 1.573576436
0.628318531 1.587785252
0.645771823 1.601815023
0.663225116 1.615661475
0.680678408 1.629320391
0.698131701 1.64278761
0.715584993 1.656059029
0.733038286 1.669130606
0.750491578 1.68199836
0.767944871 1.69465837
0.785398163 1.707106781
0.802851456 1.7193398
0.820304748 1.731353702
0.837758041 1.743144825
0.855211333 1.75470958
0.872664626 1.766044443
0.890117919 1.777145961
0.907571211 1.788010754
0.925024504 1.79863551
0.942477796 1.809016994
0.959931089 1.819152044
0.977384381 1.829037573
0.994837674 1.838670568
1.012290966 1.848048096
1.029744259 1.857167301
1.047197551 1.866025404
1.064650844 1.874619707
1.082104136 1.882947593
1.099557429 1.891006524
1.117010721 1.898794046
1.134464014 1.906307787
1.151917306 1.913545458
1.169370599 1.920504853
1.186823891 1.927183855
1.204277184 1.933580426
1.221730476 1.939692621
1.239183769 1.945518576
1.256637061 1.951056516
1.274090354 1.956304756
1.291543646 1.961261696
1.308996939 1.965925826
1.326450232 1.970295726
1.343903524 1.974370065
1.361356817 1.978147601
1.378810109 1.981627183
1.396263402 1.984807753
1.413716694 1.987688341
1.431169987 1.990268069
1.448623279 1.992546152
1.466076572 1.994521895
1.483529864 1.996194698
1.500983157 1.99756405
1.518436449 1.998629535
1.535889742 1.999390827
1.553343034 1.999847695
1.570796327 2
1.588249619 1.999847695
1.605702912 1.999390827
1.623156204 1.998629535
1.640609497 1.99756405
1.658062789 1.996194698
1.675516082 1.994521895
1.692969374 1.992546152
1.710422667 1.990268069
1.727875959 1.987688341
1.745329252 1.984807753
1.762782545 1.981627183
1.780235837 1.978147601
1.79768913 1.974370065
1.815142422 1.970295726
1.832595715 1.965925826
1.850049007 1.961261696
1.8675023 1.956304756
1.884955592 1.951056516
1.902408885 1.945518576
1.919862177 1.939692621
1.93731547 1.933580426
1.954768762 1.927183855
1.972222055 1.920504853
1.989675347 1.913545458
2.00712864 1.906307787
2.024581932 1.898794046
2.042035225 1.891006524
2.059488517 1.882947593
2.07694181 1.874619707
2.094395102 1.866025404
2.111848395 1.857167301
2.129301687 1.848048096
2.14675498 1.838670568
2.164208272 1.829037573
2.181661565 1.819152044
2.199114858 1.809016994
2.21656815 1.79863551
2.234021443 1.788010754
2.251474735 1.777145961
2.268928028 1.766044443
2.28638132 1.75470958
2.303834613 1.743144825
2.321287905 1.731353702
2.338741198 1.7193398
2.35619449 1.707106781
2.373647783 1.69465837
2.391101075 1.68199836
2.408554368 1.669130606
2.42600766 1.656059029
2.443460953 1.64278761
2.460914245 1.629320391
2.478367538 1.615661475
2.49582083 1.601815023
2.513274123 1.587785252
2.530727415 1.573576436
2.548180708 1.559192903
2.565634 1.544639035
2.583087293 1.529919264
2.600540585 1.515038075
2.617993878 1.5
2.635447171 1.48480962
2.652900463 1.469471563
2.670353756 1.4539905
2.687807048 1.438371147
2.705260341 1.422618262
2.722713633 1.406736643
2.740166926 1.390731128
2.757620218 1.374606593
2.775073511 1.35836795
2.792526803 1.342020143
2.809980096 1.325568154
2.827433388 1.309016994
2.844886681 1.292371705
2.862339973 1.275637356
2.879793266 1.258819045
2.897246558 1.241921896
2.914699851 1.224951054
2.932153143 1.207911691
2.949606436 1.190808995
2.967059728 1.173648178
2.984513021 1.156434465
3.001966313 1.139173101
3.019419606 1.121869343
3.036872898 1.104528463
3.054326191 1.087155743
3.071779484 1.069756474
3.089232776 1.052335956
3.106686069 1.034899497
3.124139361 1.017452406
3.141592654 1
3.159045946 0.982547594
3.176499239 0.965100503
3.193952531 0.947664044
3.211405824 0.930243526
3.228859116 0.912844257
3.246312409 0.895471537
3.263765701 0.878130657
3.281218994 0.860826899
3.298672286 0.843565535
3.316125579 0.826351822
3.333578871 0.809191005
3.351032164 0.792088309
3.368485456 0.775048946
3.385938749 0.758078104
3.403392041 0.741180955
3.420845334 0.724362644
3.438298626 0.707628295
3.455751919 0.690983006
3.473205211 0.674431846
3.490658504 0.657979857
3.508111797 0.64163205
3.525565089 0.625393407
3.543018382 0.609268872
3.560471674 0.593263357
3.577924967 0.577381738
3.595378259 0.561628853
3.612831552 0.5460095
3.630284844 0.530528437
3.647738137 0.51519038
3.665191429 0.5
3.682644722 0.484961925
3.700098014 0.470080736
3.717551307 0.455360965
3.735004599 0.440807097
3.752457892 0.426423564
3.769911184 0.412214748
3.787364477 0.398184977
3.804817769 0.384338525
3.822271062 0.370679609
3.839724354 0.35721239
3.857177647 0.343940971
3.874630939 0.330869394
3.892084232 0.31800164
3.909537524 0.30534163
3.926990817 0.292893219
3.94444411 0.2806602
3.961897402 0.268646298
3.979350695 0.256855175
3.996803987 0.24529042
4.01425728 0.233955557
4.031710572 0.222854039
4.049163865 0.211989246
4.066617157 0.20136449
4.08407045 0.190983006
4.101523742 0.180847956
4.118977035 0.170962427
4.136430327 0.161329432
4.15388362 0.151951904
4.171336912 0.142832699
4.188790205 0.133974596
4.206243497 0.125380293
4.22369679 0.117052407
4.241150082 0.108993476
4.258603375 0.101205954
4.276056667 0.093692213
4.29350996 0.086454542
4.310963252 0.079495147
4.328416545 0.072816145
4.345869837 0.066419574
4.36332313 0.060307379
4.380776423 0.054481424
4.398229715 0.048943484
4.415683008 0.043695244
4.4331363 0.038738304
4.450589593 0.034074174
4.468042885 0.029704274
4.485496178 0.025629935
4.50294947 0.021852399
4.520402763 0.018372817
4.537856055 0.015192247
4.555309348 0.012311659
4.57276264 0.009731931
4.590215933 0.007453848
4.607669225 0.005478105
4.625122518 0.003805302
4.64257581 0.00243595
4.660029103 0.001370465
4.677482395 0.000609173
4.694935688 0.000152305
4.71238898 0
4.729842273 0.000152305
4.747295565 0.000609173
4.764748858 0.001370465
4.78220215 0.00243595
4.799655443 0.003805302
4.817108736 0.005478105
4.834562028 0.007453848
4.852015321 0.009731931
4.869468613 0.012311659
4.886921906 0.015192247
4.904375198 0.018372817
4.921828491 0.021852399
4.939281783 0.025629935
4.956735076 0.029704274
4.974188368 0.034074174
4.991641661 0.038738304
5.009094953 0.043695244
5.026548246 0.048943484
5.044001538 0.054481424
5.061454831 0.060307379
5.078908123 0.066419574
5.096361416 0.072816145
5.113814708 0.079495147
5.131268001 0.086454542
5.148721293 0.093692213
5.166174586 0.101205954
5.183627878 0.108993476
5.201081171 0.117052407
5.218534463 0.125380293
5.235987756 0.133974596
5.253441049 0.142832699
5.270894341 0.151951904
5.288347634 0.161329432
5.305800926 0.170962427
5.323254219 0.180847956
5.340707511 0.190983006
5.358160804 0.20136449
5.375614096 0.211989246
5.393067389 0.222854039
5.410520681 0.233955557
5.427973974 0.24529042
5.445427266 0.256855175
5.462880559 0.268646298
5.480333851 0.2806602
5.497787144 0.292893219
5.515240436 0.30534163
5.532693729 0.31800164
5.550147021 0.330869394
5.567600314 0.343940971
5.585053606 0.35721239
5.602506899 0.370679609
5.619960191 0.384338525
5.637413484 0.398184977
5.654866776 0.412214748
5.672320069 0.426423564
5.689773362 0.440807097
5.707226654 0.455360965
5.724679947 0.470080736
5.742133239 0.484961925
5.759586532 0.5
5.777039824 0.51519038
5.794493117 0.530528437
5.811946409 0.5460095
5.829399702 0.561628853
5.846852994 0.577381738
5.864306287 0.593263357
5.881759579 0.609268872
5.899212872 0.625393407
5.916666164 0.64163205
5.934119457 0.657979857
5.951572749 0.674431846
5.969026042 0.690983006
5.986479334 0.707628295
6.003932627 0.724362644
6.021385919 0.741180955
6.038839212 0.758078104
6.056292504 0.775048946
6.073745797 0.792088309
6.091199089 0.809191005
6.108652382 0.826351822
6.126105675 0.843565535
6.143558967 0.860826899
6.16101226 0.878130657
6.178465552 0.895471537
6.195918845 0.912844257
6.213372137 0.930243526
6.23082543 0.947664044
6.248278722 0.965100503
6.265732015 0.982547594
6.283185307 1
6.3006386 1.017452406
6.318091892 1.034899497
6.335545185 1.052335956
6.352998477 1.069756474
6.37045177 1.087155743
6.387905062 1.104528463
6.405358355 1.121869343
6.422811647 1.139173101
6.44026494 1.156434465
6.457718232 1.173648178
6.475171525 1.190808995
6.492624817 1.207911691
6.51007811 1.224951054
6.527531402 1.241921896
6.544984695 1.258819045
6.562437987 1.275637356
6.57989128 1.292371705
6.597344573 1.309016994
6.614797865 1.325568154
6.632251158 1.342020143
6.64970445 1.35836795
6.667157743 1.374606593
6.684611035 1.390731128
6.702064328 1.406736643
6.71951762 1.422618262
6.736970913 1.438371147
6.754424205 1.4539905
6.771877498 1.469471563
6.78933079 1.48480962
6.806784083 1.5
6.824237375 1.515038075
6.841690668 1.529919264
6.85914396 1.544639035
6.876597253 1.559192903
6.894050545 1.573576436
6.911503838 1.587785252
6.92895713 1.601815023
6.946410423 1.615661475
6.963863715 1.629320391
6.981317008 1.64278761
6.9987703 1.656059029
7.016223593 1.669130606
7.033676886 1.68199836
7.051130178 1.69465837
7.068583471 1.707106781
7.086036763 1.7193398
7.103490056 1.731353702
7.120943348 1.743144825
7.138396641 1.75470958
7.155849933 1.766044443
7.173303226 1.777145961
7.190756518 1.788010754
7.208209811 1.79863551
7.225663103 1.809016994
7.243116396 1.819152044
7.260569688 1.829037573
7.278022981 1.838670568
7.295476273 1.848048096
7.312929566 1.857167301
7.330382858 1.866025404
7.347836151 1.874619707
7.365289443 1.882947593
7.382742736 1.891006524
7.400196028 1.898794046
7.417649321 1.906307787
7.435102613 1.913545458
7.452555906 1.920504853
7.470009199 1.927183855
7.487462491 1.933580426
7.504915784 1.939692621
7.522369076 1.945518576
7.539822369 1.951056516
7.557275661 1.956304756
7.574728954 1.961261696
7.592182246 1.965925826
7.609635539 1.970295726
7.627088831 1.974370065
7.644542124 1.978147601
7.661995416 1.981627183
7.679448709 1.984807753
7.696902001 1.987688341
7.714355294 1.990268069
7.731808586 1.992546152
7.749261879 1.994521895
7.766715171 1.996194698
7.784168464 1.99756405
7.801621756 1.998629535
7.819075049 1.999390827
7.836528341 1.999847695
7.853981634 2
7.871434926 1.999847695
7.888888219 1.999390827
7.906341512 1.998629535
7.923794804 1.99756405
7.941248097 1.996194698
7.958701389 1.994521895
7.976154682 1.992546152
7.993607974 1.990268069
8.011061267 1.987688341
8.028514559 1.984807753
8.045967852 1.981627183
8.063421144 1.978147601
8.080874437 1.974370065
8.098327729 1.970295726
8.115781022 1.965925826
8.133234314 1.961261696
8.150687607 1.956304756
8.168140899 1.951056516
8.185594192 1.945518576
8.203047484 1.939692621
8.220500777 1.933580426
8.237954069 1.927183855
8.255407362 1.920504853
8.272860654 1.913545458
8.290313947 1.906307787
8.307767239 1.898794046
8.325220532 1.891006524
8.342673825 1.882947593
8.360127117 1.874619707
8.37758041 1.866025404
8.395033702 1.857167301
8.412486995 1.848048096
8.429940287 1.838670568
8.44739358 1.829037573
8.464846872 1.819152044
8.482300165 1.809016994
8.499753457 1.79863551
8.51720675 1.788010754
8.534660042 1.777145961
8.552113335 1.766044443
8.569566627 1.75470958
8.58701992 1.743144825
8.604473212 1.731353702
8.621926505 1.7193398
8.639379797 1.707106781
8.65683309 1.69465837
8.674286382 1.68199836
8.691739675 1.669130606
8.709192967 1.656059029
8.72664626 1.64278761
8.744099552 1.629320391
8.761552845 1.615661475
8.779006138 1.601815023
8.79645943 1.587785252
8.813912723 1.573576436
8.831366015 1.559192903
8.848819308 1.544639035
8.8662726 1.529919264
8.883725893 1.515038075
8.901179185 1.5
8.918632478 1.48480962
8.93608577 1.469471563
8.953539063 1.4539905
8.970992355 1.438371147
8.988445648 1.422618262
9.00589894 1.406736643
9.023352233 1.390731128
9.040805525 1.374606593
9.058258818 1.35836795
9.07571211 1.342020143
9.093165403 1.325568154
9.110618695 1.309016994
9.128071988 1.292371705
9.14552528 1.275637356
9.162978573 1.258819045
9.180431865 1.241921896
9.197885158 1.224951054
9.215338451 1.207911691
9.232791743 1.190808995
9.250245036 1.173648178
9.267698328 1.156434465
9.285151621 1.139173101
9.302604913 1.121869343
9.320058206 1.104528463
9.337511498 1.087155743
9.354964791 1.069756474
9.372418083 1.052335956
9.389871376 1.034899497
9.407324668 1.017452406
9.424777961 1
9.442231253 0.982547594
9.459684546 0.965100503
9.477137838 0.947664044
9.494591131 0.930243526
9.512044423 0.912844257
9.529497716 0.895471537
9.546951008 0.878130657
9.564404301 0.860826899
9.581857593 0.843565535
9.599310886 0.826351822
9.616764178 0.809191005
9.634217471 0.792088309
9.651670764 0.775048946
9.669124056 0.758078104
9.686577349 0.741180955
9.704030641 0.724362644
9.721483934 0.707628295
9.738937226 0.690983006
9.756390519 0.674431846
9.773843811 0.657979857
9.791297104 0.64163205
9.808750396 0.625393407
9.826203689 0.609268872
9.843656981 0.593263357
9.861110274 0.577381738
9.878563566 0.561628853
9.896016859 0.5460095
9.913470151 0.530528437
9.930923444 0.51519038
9.948376736 0.5
9.965830029 0.484961925
9.983283321 0.470080736
10.00073661 0.455360965
10.01818991 0.440807097
10.0356432 0.426423564
10.05309649 0.412214748
10.07054978 0.398184977
10.08800308 0.384338525
10.10545637 0.370679609
10.12290966 0.35721239
10.14036295 0.343940971
10.15781625 0.330869394
10.17526954 0.31800164
10.19272283 0.30534163
10.21017612 0.292893219
10.22762942 0.2806602
10.24508271 0.268646298
10.262536 0.256855175
10.27998929 0.24529042
10.29744259 0.233955557
10.31489588 0.222854039
10.33234917 0.211989246
10.34980246 0.20136449
10.36725576 0.190983006
10.38470905 0.180847956
10.40216234 0.170962427
10.41961563 0.161329432
10.43706893 0.151951904
10.45452222 0.142832699
10.47197551 0.133974596
10.4894288 0.125380293
10.5068821 0.117052407
10.52433539 0.108993476
10.54178868 0.101205954
10.55924197 0.093692213
10.57669527 0.086454542
10.59414856 0.079495147
10.61160185 0.072816145
10.62905514 0.066419574
10.64650844 0.060307379
10.66396173 0.054481424
10.68141502 0.048943484
10.69886831 0.043695244
10.71632161 0.038738304
10.7337749 0.034074174
10.75122819 0.029704274
10.76868148 0.025629935
10.78613478 0.021852399
10.80358807 0.018372817
10.82104136 0.015192247
10.83849465 0.012311659
10.85594795 0.009731931
10.87340124 0.007453848
10.89085453 0.005478105
10.90830782 0.003805302
10.92576112 0.00243595
10.94321441 0.001370465
10.9606677 0.000609173
10.978121 0.000152305
10.99557429 0
11.01302758 0.000152305
11.03048087 0.000609173
11.04793417 0.001370465
11.06538746 0.00243595
11.08284075 0.003805302
11.10029404 0.005478105
11.11774734 0.007453848
11.13520063 0.009731931
11.15265392 0.012311659
11.17010721 0.015192247
11.18756051 0.018372817
11.2050138 0.021852399
11.22246709 0.025629935
11.23992038 0.029704274
11.25737368 0.034074174
11.27482697 0.038738304
11.29228026 0.043695244
11.30973355 0.048943484
11.32718685 0.054481424
11.34464014 0.060307379
11.36209343 0.066419574
11.37954672 0.072816145
11.39700002 0.079495147
11.41445331 0.086454542
11.4319066 0.093692213
11.44935989 0.101205954
11.46681319 0.108993476
11.48426648 0.117052407
11.50171977 0.125380293
11.51917306 0.133974596
11.53662636 0.142832699
11.55407965 0.151951904
11.57153294 0.161329432
11.58898623 0.170962427
11.60643953 0.180847956
11.62389282 0.190983006
11.64134611 0.20136449
11.6587994 0.211989246
11.6762527 0.222854039
11.69370599 0.233955557
11.71115928 0.24529042
11.72861257 0.256855175
11.74606587 0.268646298
11.76351916 0.2806602
11.78097245 0.292893219
11.79842574 0.30534163
11.81587904 0.31800164
11.83333233 0.330869394
11.85078562 0.343940971
11.86823891 0.35721239
11.88569221 0.370679609
11.9031455 0.384338525
11.92059879 0.398184977
11.93805208 0.412214748
11.95550538 0.426423564
11.97295867 0.440807097
11.99041196 0.455360965
12.00786525 0.470080736
12.02531855 0.484961925
12.04277184 0.5
12.06022513 0.51519038
12.07767842 0.530528437
12.09513172 0.5460095
12.11258501 0.561628853
12.1300383 0.577381738
12.14749159 0.593263357
12.16494489 0.609268872
12.18239818 0.625393407
12.19985147 0.64163205
12.21730476 0.657979857
12.23475806 0.674431846
12.25221135 0.690983006
12.26966464 0.707628295
12.28711793 0.724362644
12.30457123 0.741180955
12.32202452 0.758078104
12.33947781 0.775048946
12.3569311 0.792088309
12.3743844 0.809191005
12.39183769 0.826351822
12.40929098 0.843565535
12.42674427 0.860826899
12.44419757 0.878130657
12.46165086 0.895471537
12.47910415 0.912844257
12.49655744 0.930243526
12.51401074 0.947664044
12.53146403 0.965100503
12.54891732 0.982547594
12.56637061 1