Tempo Corrente
0 0
1 0.379540101
2 0.218202402
3 0.09226129
4 0.035631034
5 0.01334
6 0.004939087
7 0.00182127
8 0.000670588
9 0.000246774
10 9.07937E-05
11 3.34026E-05
12 1.22883E-05
13 4.52064E-06
14 1.66306E-06
15 6.11804E-07
16 2.2507E-07
17 8.27987E-08
18 3.046E-08
19 1.12056E-08
20 4.12231E-09
21 1.51651E-09
22 5.57894E-10
23 2.05238E-10
24 7.55027E-11
25 2.77759E-11
26 1.02182E-11
27 3.75906E-12
28 1.38288E-12
29 5.08733E-13
30 1.87152E-13
31 6.88495E-14
32 2.53283E-14
33 9.31777E-15
34 3.42782E-15
35 1.26102E-15
36 4.63905E-16
37 1.70661E-16
38 6.27827E-17
39 2.30964E-17
40 8.49671E-18
41 3.12576E-18
42 1.1499E-18
43 4.23026E-19
44 1.55623E-19
45 5.72504E-20
46 2.10612E-20
47 7.748E-21
48 2.85033E-21
49 1.04858E-21
50 3.8575E-22
51 1.41909E-22
52 5.22056E-23
53 1.92054E-23
54 7.06526E-24
55 2.59916E-24
56 9.56179E-25
57 3.51758E-25
58 1.29405E-25
59 4.76053E-26
60 1.7513E-26
61 6.44268E-27
62 2.37013E-27
63 8.71922E-28
64 3.20762E-28
65 1.18002E-28
66 4.34104E-29
67 1.59698E-29
68 5.87496E-30
69 2.16128E-30
70 7.9509E-31
71 2.92497E-31
72 1.07604E-31
73 3.95852E-32
74 1.45626E-32
75 5.35727E-33
76 1.97083E-33
77 7.25028E-34
78 2.66723E-34
79 9.81219E-35
80 3.6097E-35
81 1.32794E-35
82 4.8852E-36
83 1.79717E-36
84 6.6114E-37
85 2.4322E-37
86 8.94756E-38
87 3.29162E-38
88 1.21092E-38
89 4.45473E-39
90 1.6388E-39
91 6.02882E-40
92 2.21788E-40
93 8.15912E-41
94 3.00157E-41
95 1.10422E-41
96 4.06219E-42
97 1.49439E-42
98 5.49757E-43
99 2.02244E-43
100 7.44015E-44
101 2.73708E-44
102 1.00692E-44
103 3.70423E-45
104 1.36271E-45
105 5.01313E-46
106 1.84423E-46
107 6.78454E-47
108 2.49589E-47
109 9.18188E-48
110 3.37782E-48
111 1.24263E-48
112 4.57139E-49
113 1.68172E-49
114 6.1867E-50
115 2.27596E-50
116 8.37279E-51
117 3.08018E-51
118 1.13313E-51
119 4.16857E-52
120 1.53353E-52